0.000000000000000000e+00
-1.568604985494029269e-01
0.000000000000000000e+00
0.000000000000000000e+00
0.000000000000000000e+00
-7.751725992607721993e-02
0.000000000000000000e+00
0.000000000000000000e+00
1.451137453456876336e-01
0.000000000000000000e+00
0.000000000000000000e+00
2.860155741410206898e-01
0.000000000000000000e+00
0.000000000000000000e+00
0.000000000000000000e+00
0.000000000000000000e+00
0.000000000000000000e+00
0.000000000000000000e+00
0.000000000000000000e+00
0.000000000000000000e+00
0.000000000000000000e+00
0.000000000000000000e+00
0.000000000000000000e+00
0.000000000000000000e+00
0.000000000000000000e+00
1.537478001142006112e-01
0.000000000000000000e+00
0.000000000000000000e+00
0.000000000000000000e+00
1.311025155498587724e-01
-1.381304937711818059e-01
0.000000000000000000e+00
1.081528853759610061e-02
1.116498170949670188e-02
0.000000000000000000e+00
6.873321844029217642e-02
0.000000000000000000e+00
0.000000000000000000e+00
-1.613853772743599202e-01
-9.498841598251071133e-03
1.546841827226587973e-01
0.000000000000000000e+00
0.000000000000000000e+00
-1.476002652183900921e-01
0.000000000000000000e+00
0.000000000000000000e+00
0.000000000000000000e+00
1.984814535733167573e-01
0.000000000000000000e+00
0.000000000000000000e+00
1.018384041188360040e-01
4.213935767554818565e-03
0.000000000000000000e+00
7.786913231939836255e-02
0.000000000000000000e+00
-7.510996660848435688e-03
0.000000000000000000e+00
0.000000000000000000e+00
0.000000000000000000e+00
-5.402762171308897465e-02
5.659686094382498922e-04
-1.615093590334006762e-02
0.000000000000000000e+00
-1.824503764824581820e-01
7.956598840540521356e-02
0.000000000000000000e+00
0.000000000000000000e+00
-6.775441696513145873e-03
3.193177856835614781e-02
0.000000000000000000e+00
0.000000000000000000e+00
0.000000000000000000e+00
0.000000000000000000e+00
0.000000000000000000e+00
0.000000000000000000e+00
2.730107077235738866e-01
0.000000000000000000e+00
0.000000000000000000e+00
-1.366055186289289736e-01
0.000000000000000000e+00
0.000000000000000000e+00
0.000000000000000000e+00
0.000000000000000000e+00
0.000000000000000000e+00
1.396691676626441170e-01
0.000000000000000000e+00
0.000000000000000000e+00
0.000000000000000000e+00
0.000000000000000000e+00
0.000000000000000000e+00
0.000000000000000000e+00
0.000000000000000000e+00
0.000000000000000000e+00
0.000000000000000000e+00
0.000000000000000000e+00
0.000000000000000000e+00
0.000000000000000000e+00
0.000000000000000000e+00
0.000000000000000000e+00
0.000000000000000000e+00
0.000000000000000000e+00
0.000000000000000000e+00
0.000000000000000000e+00
0.000000000000000000e+00
0.000000000000000000e+00
0.000000000000000000e+00
0.000000000000000000e+00
-1.147756021190683533e-02
0.000000000000000000e+00
0.000000000000000000e+00
0.000000000000000000e+00
0.000000000000000000e+00
0.000000000000000000e+00
0.000000000000000000e+00
0.000000000000000000e+00
0.000000000000000000e+00
0.000000000000000000e+00
1.648921741648085720e-02
0.000000000000000000e+00
0.000000000000000000e+00
0.000000000000000000e+00
0.000000000000000000e+00
0.000000000000000000e+00
0.000000000000000000e+00
0.000000000000000000e+00
0.000000000000000000e+00
0.000000000000000000e+00
0.000000000000000000e+00
-1.524481447142403134e-01
0.000000000000000000e+00
0.000000000000000000e+00
0.000000000000000000e+00
6.946535179986502995e-02
-1.300459653598826648e-01
0.000000000000000000e+00
-1.411423626533986897e-01
0.000000000000000000e+00
0.000000000000000000e+00
0.000000000000000000e+00
0.000000000000000000e+00
7.812065949854989089e-02
0.000000000000000000e+00
0.000000000000000000e+00
0.000000000000000000e+00
0.000000000000000000e+00
0.000000000000000000e+00
0.000000000000000000e+00
0.000000000000000000e+00
-1.862034023943713243e-02
-4.041619077246506875e-02
4.591832257226602550e-03
-1.768729178455381032e-03
-1.446001314159115203e-01
2.250450906929792882e-01
0.000000000000000000e+00
0.000000000000000000e+00
3.469665541781166707e-02
0.000000000000000000e+00
0.000000000000000000e+00
0.000000000000000000e+00
0.000000000000000000e+00
0.000000000000000000e+00
0.000000000000000000e+00
0.000000000000000000e+00
0.000000000000000000e+00
0.000000000000000000e+00
0.000000000000000000e+00
2.066029914044960891e-01
-7.441183110504299980e-02
0.000000000000000000e+00
0.000000000000000000e+00
0.000000000000000000e+00
4.747110239992178606e-03
2.264014540792912145e-03
0.000000000000000000e+00
0.000000000000000000e+00
0.000000000000000000e+00
0.000000000000000000e+00
0.000000000000000000e+00
1.536411932606031594e-01
0.000000000000000000e+00
1.519738669478197246e-01
0.000000000000000000e+00
0.000000000000000000e+00
0.000000000000000000e+00
0.000000000000000000e+00
0.000000000000000000e+00
0.000000000000000000e+00
0.000000000000000000e+00
0.000000000000000000e+00
0.000000000000000000e+00
0.000000000000000000e+00
0.000000000000000000e+00
-5.207490881995735510e-04
0.000000000000000000e+00
-1.613021453418023721e-01
1.413197299307319132e-01
3.251292064754856409e-02
0.000000000000000000e+00
0.000000000000000000e+00
0.000000000000000000e+00
0.000000000000000000e+00
0.000000000000000000e+00
0.000000000000000000e+00
0.000000000000000000e+00
0.000000000000000000e+00
0.000000000000000000e+00
7.716207246543534126e-02
1.552785033586525087e-01
6.578632909264239825e-02
1.423441456589509546e-01
-4.319660591005879124e-03
0.000000000000000000e+00
0.000000000000000000e+00
-9.249401033111594173e-03
0.000000000000000000e+00
0.000000000000000000e+00
0.000000000000000000e+00
-3.802687825020876610e-03
0.000000000000000000e+00
1.023541190324861044e-01
-4.010224329193243925e-02
0.000000000000000000e+00
0.000000000000000000e+00
7.188356226657824366e-02
0.000000000000000000e+00
0.000000000000000000e+00
0.000000000000000000e+00
0.000000000000000000e+00
1.213023426865083021e-01
-2.511357378874003524e-02
2.832451926401157172e-01
0.000000000000000000e+00
0.000000000000000000e+00
0.000000000000000000e+00
0.000000000000000000e+00
0.000000000000000000e+00
-1.774345265436662045e-01
0.000000000000000000e+00
1.944820091963116041e-03
0.000000000000000000e+00
0.000000000000000000e+00
0.000000000000000000e+00
1.326663775997874786e-02
0.000000000000000000e+00
0.000000000000000000e+00
1.827403354302799821e-01
3.062297526146000662e-02
0.000000000000000000e+00
0.000000000000000000e+00
0.000000000000000000e+00
0.000000000000000000e+00
0.000000000000000000e+00
0.000000000000000000e+00
0.000000000000000000e+00
-1.501079497624291381e-01
0.000000000000000000e+00
1.315851944770115300e-01
0.000000000000000000e+00
0.000000000000000000e+00
1.230299665030585160e-01
0.000000000000000000e+00
0.000000000000000000e+00
0.000000000000000000e+00
-1.525730175998178950e-01
-3.124541299199136771e-02
0.000000000000000000e+00
0.000000000000000000e+00
1.125240276658926453e-01
0.000000000000000000e+00
0.000000000000000000e+00
0.000000000000000000e+00
0.000000000000000000e+00
0.000000000000000000e+00
0.000000000000000000e+00
0.000000000000000000e+00
0.000000000000000000e+00
0.000000000000000000e+00
0.000000000000000000e+00
0.000000000000000000e+00
-1.424058553695533857e-01
0.000000000000000000e+00
-1.517394959974810442e-01
0.000000000000000000e+00
0.000000000000000000e+00
0.000000000000000000e+00
-1.910801680196486108e-02
0.000000000000000000e+00
4.520367083722547086e-03
0.000000000000000000e+00
0.000000000000000000e+00
0.000000000000000000e+00
-4.576910407148022247e-02
0.000000000000000000e+00
0.000000000000000000e+00
-5.471911129456927259e-03
0.000000000000000000e+00
0.000000000000000000e+00
0.000000000000000000e+00
-1.424791314975736300e-01
0.000000000000000000e+00
0.000000000000000000e+00
-1.206751730574178172e-01
0.000000000000000000e+00
-1.460887623896028609e-01
0.000000000000000000e+00
0.000000000000000000e+00
1.204786238238378798e-01
0.000000000000000000e+00
0.000000000000000000e+00
1.487424305161871019e-01
0.000000000000000000e+00
0.000000000000000000e+00
0.000000000000000000e+00
0.000000000000000000e+00
0.000000000000000000e+00
0.000000000000000000e+00
0.000000000000000000e+00
0.000000000000000000e+00
-2.056498830135675415e-01
0.000000000000000000e+00
0.000000000000000000e+00
0.000000000000000000e+00
0.000000000000000000e+00
-4.721360544282135821e-03
0.000000000000000000e+00
5.581036454867479429e-02
1.529100522061480338e-01
-3.516835000293719316e-03
-9.624936830842413527e-02
0.000000000000000000e+00
-4.351684199394924594e-04
0.000000000000000000e+00
0.000000000000000000e+00
0.000000000000000000e+00
1.357845950488760500e-01
0.000000000000000000e+00
1.594661517666901285e-01
0.000000000000000000e+00
0.000000000000000000e+00
-1.556221267380058781e-01
0.000000000000000000e+00
-6.657699801506306025e-02
0.000000000000000000e+00
0.000000000000000000e+00
0.000000000000000000e+00
0.000000000000000000e+00
4.099881803595240709e-02
0.000000000000000000e+00
3.215788078159409480e-02
0.000000000000000000e+00
0.000000000000000000e+00
0.000000000000000000e+00
0.000000000000000000e+00
1.661039629942516749e-01
1.824968185353335048e-01
0.000000000000000000e+00
0.000000000000000000e+00
0.000000000000000000e+00
0.000000000000000000e+00
9.503581749068378980e-05
0.000000000000000000e+00
0.000000000000000000e+00
8.577042695860626065e-03
1.666967667266634062e-02
-2.641504695882729292e-03
0.000000000000000000e+00
1.824317473427203851e-01
-3.594376983537968251e-02
0.000000000000000000e+00
0.000000000000000000e+00
0.000000000000000000e+00
-1.364812486283800697e-01
-2.385396117393963344e-01
4.514341115852742170e-02
0.000000000000000000e+00
0.000000000000000000e+00
0.000000000000000000e+00
5.926077272574908905e-03
0.000000000000000000e+00
0.000000000000000000e+00
-1.509919667204859817e-01
0.000000000000000000e+00
0.000000000000000000e+00
0.000000000000000000e+00
0.000000000000000000e+00
2.659397826469006576e-01
0.000000000000000000e+00
-1.247598576230315448e-01
0.000000000000000000e+00
0.000000000000000000e+00
0.000000000000000000e+00
0.000000000000000000e+00
0.000000000000000000e+00
-1.359782127500776261e-01
0.000000000000000000e+00
0.000000000000000000e+00
0.000000000000000000e+00
-1.084610842706729417e-01
0.000000000000000000e+00
0.000000000000000000e+00
0.000000000000000000e+00
0.000000000000000000e+00
-1.500235694724957325e-01
1.446758284200315436e-01
0.000000000000000000e+00
-2.945231821715696419e-02
0.000000000000000000e+00
0.000000000000000000e+00
0.000000000000000000e+00
0.000000000000000000e+00
1.120550349554987335e-01
0.000000000000000000e+00
0.000000000000000000e+00
0.000000000000000000e+00
0.000000000000000000e+00
-1.473472927643717789e-01
4.038096203818605789e-03
0.000000000000000000e+00
0.000000000000000000e+00
0.000000000000000000e+00
-1.634529543296104614e-01
0.000000000000000000e+00
-6.534593611055715574e-03
0.000000000000000000e+00
0.000000000000000000e+00
0.000000000000000000e+00
0.000000000000000000e+00
6.168444162783327106e-02
0.000000000000000000e+00
0.000000000000000000e+00
-1.165109808143161563e-01
0.000000000000000000e+00
1.542853573584307414e-01
0.000000000000000000e+00
-3.161412156995885639e-03
0.000000000000000000e+00
0.000000000000000000e+00
0.000000000000000000e+00
0.000000000000000000e+00
0.000000000000000000e+00
0.000000000000000000e+00
-1.560143186693739581e-01
0.000000000000000000e+00
0.000000000000000000e+00
3.966291973215913501e-03
-1.768729178455381032e-03
0.000000000000000000e+00
1.483022782992512723e-01
0.000000000000000000e+00
-2.789033872430267402e-02
0.000000000000000000e+00
-1.804629200672914005e-02
0.000000000000000000e+00
-1.361406158473282002e-01
0.000000000000000000e+00
1.513062910129535192e-02
0.000000000000000000e+00
3.883540286556617233e-02
0.000000000000000000e+00
0.000000000000000000e+00
0.000000000000000000e+00
0.000000000000000000e+00
1.439921835880154377e-01
-2.938447763261775592e-02
0.000000000000000000e+00
0.000000000000000000e+00
0.000000000000000000e+00
0.000000000000000000e+00
0.000000000000000000e+00
3.773655822326128090e-02
1.623698155328713241e-02
3.128466044970159565e-01
0.000000000000000000e+00
0.000000000000000000e+00
0.000000000000000000e+00
0.000000000000000000e+00
-1.071471060970417000e-01
4.437347182436050114e-02
1.021744124230832829e-01
0.000000000000000000e+00
0.000000000000000000e+00
0.000000000000000000e+00
0.000000000000000000e+00
0.000000000000000000e+00
0.000000000000000000e+00
-1.394359056635035288e-01
0.000000000000000000e+00
0.000000000000000000e+00
9.520197217718314939e-03
1.546060715467325042e-01
0.000000000000000000e+00
0.000000000000000000e+00
0.000000000000000000e+00
0.000000000000000000e+00
-1.462680018569173235e-01
0.000000000000000000e+00
0.000000000000000000e+00
0.000000000000000000e+00
2.161114504244110446e-04
0.000000000000000000e+00
0.000000000000000000e+00
0.000000000000000000e+00
-5.456427880163283728e-02
7.721206653099120520e-02
-1.893694523432769561e-01
0.000000000000000000e+00
1.097552532199004838e-01
0.000000000000000000e+00
6.183449814307026560e-02
-9.317311497739344528e-02
0.000000000000000000e+00
-9.061080472503757477e-03
0.000000000000000000e+00
1.346521729568400660e-02
1.381753140326286988e-01
0.000000000000000000e+00
0.000000000000000000e+00
0.000000000000000000e+00
-1.533330939128959014e-01
0.000000000000000000e+00
-1.091118902450018274e-01
1.883660046225457130e-01
0.000000000000000000e+00
1.475868598567078582e-01
9.753749376304805818e-03
0.000000000000000000e+00
0.000000000000000000e+00
0.000000000000000000e+00
0.000000000000000000e+00
0.000000000000000000e+00
0.000000000000000000e+00
1.207404268861235891e-01
0.000000000000000000e+00
0.000000000000000000e+00
2.709561017708373484e-03
0.000000000000000000e+00
0.000000000000000000e+00
0.000000000000000000e+00
-2.905039548416041839e-01
2.012141243950407721e-01
0.000000000000000000e+00
0.000000000000000000e+00
-1.391212799889211815e-01
0.000000000000000000e+00
0.000000000000000000e+00
0.000000000000000000e+00
0.000000000000000000e+00
0.000000000000000000e+00
0.000000000000000000e+00
0.000000000000000000e+00
0.000000000000000000e+00
0.000000000000000000e+00
-2.395610127068412837e-02
0.000000000000000000e+00
0.000000000000000000e+00
0.000000000000000000e+00
0.000000000000000000e+00
0.000000000000000000e+00
0.000000000000000000e+00
